   1279.9   1279.9   1279.9   1279.9   1279.9   1279.9   1279.9   1279.9
   1284.4   1284.4   1284.4   1284.4   1284.4   1284.4   1284.4   1284.4
   1284.0   1284.0   1284.0   1284.0   1284.0   1284.0   1284.0   1284.0
   1283.3   1283.3   1283.3   1283.3   1283.3   1283.3   1283.3   1283.3
   1288.2   1288.2   1288.2   1288.2   1288.2   1288.2   1288.2   1288.2
   1298.8   1298.7   1298.7   1298.8   1298.7   1298.7   1298.7   1298.7
   1305.0   1305.0   1305.0   1305.0   1305.0   1305.0   1305.0   1305.0
   1306.1   1306.2   1306.2   1306.1   1306.2   1306.2   1306.2   1306.2
   1304.9   1305.0   1305.0   1304.9   1305.0   1305.0   1305.0   1305.0
   1308.3   1308.3   1308.3   1308.3   1308.3   1308.3   1308.3   1308.3
   1312.0   1312.0   1312.0   1312.0   1312.0   1312.0   1312.0   1312.0
   1309.1   1309.1   1309.1   1309.1   1309.1   1309.1   1309.1   1309.1
   1304.3   1304.3   1304.3   1304.3   1304.3   1304.3   1304.3   1304.3
   1302.3   1302.3   1302.3   1302.3   1302.3   1302.3   1302.3   1302.3
   1306.5   1306.5   1306.5   1306.5   1306.4   1306.4   1306.4   1306.4
   1314.6   1314.5   1314.5   1314.6   1314.5   1314.5   1314.5   1314.5
   1325.1   1325.0   1325.0   1325.1   1325.0   1325.0   1325.0   1325.0
   1332.7   1332.7   1332.7   1332.7   1332.7   1332.7   1332.7   1332.7
   1336.7   1336.8   1336.8   1336.7   1336.8   1336.8   1336.8   1336.8
   1339.7   1339.8   1339.8   1339.7   1339.8   1339.8   1339.8   1339.8
   1341.6   1341.7   1341.7   1341.6   1341.7   1341.7   1341.7   1341.7
   1338.3   1338.4   1338.4   1338.3   1338.4   1338.4   1338.4   1338.4
   1340.6   1340.6   1340.6   1340.6   1340.6   1340.6   1340.6   1340.6
   1341.1   1341.1   1341.1   1341.1   1341.1   1341.1   1341.1   1341.1
   1340.4   1340.4   1340.4   1340.4   1340.3   1340.3   1340.3   1340.3
   1341.3   1341.3   1341.3   1341.3   1341.3   1341.3   1341.3   1341.3
   1349.7   1349.7   1349.7   1349.7   1349.6   1349.6   1349.6   1349.6
   1357.6   1357.6   1357.6   1357.6   1357.5   1357.5   1357.5   1357.5
   1355.2   1355.3   1355.3   1355.2   1355.3   1355.3   1355.3   1355.3
   1353.6   1353.6   1353.6   1353.6   1353.6   1353.6   1353.6   1353.6
   1356.6   1356.6   1356.6   1356.6   1356.6   1356.6   1356.6   1356.6
   1358.2   1358.2   1358.2   1358.2   1358.2   1358.2   1358.2   1358.2
   1362.8   1362.7   1362.7   1362.8   1362.7   1362.7   1362.7   1362.7
   1362.7   1362.7   1362.7   1362.7   1362.7   1362.7   1362.7   1362.7
   1362.6   1362.6   1362.6   1362.6   1362.6   1362.6   1362.6   1362.6
   1365.1   1365.1   1365.1   1365.1   1365.1   1365.1   1365.1   1365.1
   1360.8   1360.9   1360.9   1360.8   1360.9   1360.9   1360.9   1360.9
   1348.8   1348.9   1348.9   1348.8   1348.9   1348.9   1348.9   1348.9
   1340.8   1340.8   1340.8   1340.8   1340.8   1340.8   1340.8   1340.8
   1349.0   1348.9   1348.9   1349.0   1348.9   1348.9   1348.9   1348.9
   1361.7   1361.6   1361.6   1361.7   1361.5   1361.5   1361.5   1361.5
   1368.0   1368.0   1368.0   1368.0   1367.9   1367.9   1367.9   1367.9
   1379.2   1379.2   1379.2   1379.2   1379.2   1379.2   1379.2   1379.2
   1390.3   1390.4   1390.4   1390.3   1390.4   1390.4   1390.4   1390.4
   1394.1   1394.2   1394.2   1394.1   1394.2   1394.2   1394.2   1394.2
   1397.7   1397.8   1397.8   1397.7   1397.8   1397.8   1397.8   1397.8
   1400.6   1400.6   1400.6   1400.6   1400.6   1400.6   1400.6   1400.6
   1400.8   1400.8   1400.8   1400.8   1400.8   1400.8   1400.8   1400.8
   1399.2   1399.2   1399.2   1399.2   1399.2   1399.2   1399.2   1399.2
   1393.2   1393.2   1393.2   1393.2   1393.2   1393.2   1393.2   1393.2
   1389.3   1389.3   1389.3   1389.3   1389.3   1389.3   1389.3   1389.3
