No sugar tracker
================
         _______ night
 8    9    10   11   12   1    2    3
[ ]  [ ]  [ ]  [ ]  [ ]  [ ]  [ ]  [ ] 
         _______ morning
 4    5    6    7    8    9    10   11
[ ]  [ ]  [ ]  [ ]  [ ]  [ ]  [ ]  [ ] 
         _______ afternoon
 12   1    2    3    4    5    6    7pm
[ ]  [ ]  [ ]  [ ]  [ ]  [ ]  [ ]  [ ] 


        _______ night
 8    9    10   11   12   1    2    3
[ ]  [ ]  [ ]  [ ]  [ ]  [ ]  [ ]  [ ] 
        _______ morning
 4    5    6    7    8    9    10   11
[ ]  [ ]  [ ]  [ ]  [ ]  [ ]  [ ]  [ ] 
        _______ afternoon
 12   1    2    3    4    5    6    7pm
[ ]  [ ]  [ ]  [ ]  [ ]  [ ]  [ ]  [ ] 


        _______ night
 8    9    10   11   12   1    2    3
[ ]  [ ]  [ ]  [ ]  [ ]  [ ]  [ ]  [ ] 
        _______ morning
 4    5    6    7    8    9    10   11
[ ]  [ ]  [ ]  [ ]  [ ]  [ ]  [ ]  [ ] 
        _______ afternoon
 12   1    2    3    4    5    6    7pm
[ ]  [ ]  [ ]  [ ]  [ ]  [ ]  [ ]  [ ] 


Small meal tracker
==================
        Day 1
 1    2    3    4
[ ]  [ ]  [ ]  [ ]


        Day 2
 1    2    3    4
[ ]  [ ]  [ ]  [ ]


        Day 3
 1    2    3    4
[ ]  [ ]  [ ]  [ ]


